0
4370 0
-1 6480 0
4360 5660 -1 0
-1 10390 -1 5790 0
-1 6310 3060 -1 9520 0
-1 -1 -1 -1 7020 -1 0
-1 -1 -1 -1 3570 -1 4680 0
-1 -1 -1 -1 -1 6500 5870 6160 0
-1 -1 -1 -1 -1 -1 11070 -1 -1 0
-1 -1 -1 -1 -1 -1 -1 -1 4650 0
-1 -1 -1 -1 -1 -1 -1 -1 6950 -1 -1 0
-1 -1 -1 -1 -1 -1 -1 -1 -1 5470 -1 -1 0
-1 -1 -1 -1 -1 -1 -1 -1 -1 6910 5160 -1 4150 0
-1 -1 -1 -1 -1 -1 -1 -1 -1 -1 -1 5280 -1 -1 0
-1 -1 -1 -1 -1 -1 -1 -1 -1 -1 -1 -1 4270 6570 -1 0
-1 -1 -1 -1 -1 -1 -1 -1 -1 -1 -1 -1 -1 8830 1780 9460 0
-1 -1 -1 -1 -1 -1 -1 -1 -1 -1 -1 -1 -1 -1 9040 -1 4710 0